
Body
--------------
  1.0     2.00
  6.0    10.50
  9.0    14.50
 12.0    17.50
 20.0    24.00
 26.0    26.50
 32.0    28.00
 40.0    29.25
 42.0    29.25
 48.0    29.75
 54.0    30.00
 60.0    29.75
 66.0    29.00
 72.0    27.75
 78.0    26.50
 84.0    25.00
 90.0    22.75
 96.0    20.75
100.0    18.50
104.0    15.75
108.0    13.00
112.0    10.75
116.0     6.75
118.0     4.75
119.0     4.00
119.5     3.00
119.75    2.00
119.875   1.00

Mid-Section
--------------
40.0     19.50
42.0     20.25
48.0     21.25
54.0     21.00
60.0     20.75
66.0     19.75
72.0     18.00
78.0     14.50
81.0     11.50
84.0      6.50
84.5      3.00
85.0      0.00

Back-Section
13.0      0.00
14.0      6.00
15.5      9.50
18.0     11.50
22.5     13.50
27.0     11.50
29.5      9.50
31.0      6.00
32.0      0.00

White cover (circle)
91.0      0.0
95.0      8.0
99.0      0.0
