-10.29 -43.27
-10.42 -43.73
-10.61 -44.42
-10.79 -45.09
-10.97 -45.54
-11.36 -46.15
-11.67 -46.49
-12.21 -46.95
-12.61 -47.21
-13.24 -47.51
-13.69 -47.67
-14.39 -47.84
-15.09 -47.93
-15.57 -47.95
-16.28 -47.93
-16.75 -47.88
-17.45 -47.77
-17.92 -47.66
-18.60 -47.47
-19.29 -47.24
-19.94 -46.98
-20.38 -46.79
-20.82 -46.58
-21.47 -46.25
-21.88 -46.02
-22.50 -45.66
-22.91 -45.41
-23.52 -45.01
-23.91 -44.74
-24.71 -44.18
-25.10 -43.88
-25.68 -43.44
-26.05 -43.15
-26.61 -42.70
-26.98 -42.40
-27.53 -41.93
-27.90 -41.61
-28.45 -41.14
-28.45 -41.14
-28.80 -40.82
-29.34 -40.34
-29.69 -40.02
-30.22 -39.54
-30.57 -39.20
-31.11 -38.70
-31.62 -38.22
-31.98 -37.87
-32.49 -37.38
-32.83 -37.05
-33.35 -36.55
-33.70 -36.20
-34.04 -35.87
-34.54 -35.37
-34.87 -35.04
-35.40 -34.52
