-9.93 -128.16
-9.36 -128.57
-8.96 -128.82
-8.48 -129.33
-8.48 -129.33
-8.26 -129.75
-8.12 -130.20
-8.06 -130.90
-8.12 -131.37
-8.32 -132.07
-8.67 -132.70
-9.11 -133.24
-9.46 -133.57
-10.02 -133.99
-10.43 -134.24
-11.08 -134.54
-11.54 -134.70
-12.24 -134.89
-12.70 -134.97
-13.42 -135.06
-13.91 -135.08
-14.62 -135.08
-15.09 -135.05
-15.80 -134.98
-16.50 -134.87
-16.98 -134.77
-17.68 -134.61
-18.13 -134.49
-18.80 -134.28
-19.24 -134.14
-20.13 -133.82
-20.57 -133.65
-21.01 -133.47
-21.66 -133.19
-22.11 -132.99
-22.76 -132.68
-23.19 -132.48
-23.83 -132.16
-24.24 -131.94
-24.87 -131.61
-25.50 -131.27
-26.14 -130.91
-26.58 -130.67
-27.20 -130.31
-27.61 -130.07
-28.03 -129.82
-28.66 -129.45
-29.07 -129.19
-29.69 -128.82
-30.10 -128.57
-30.69 -128.20
-31.10 -127.94
-31.51 -127.68
-32.34 -127.16
-32.75 -126.90
-33.35 -126.51
-33.76 -126.25
-33.76 -126.25
-34.35 -125.86
-34.76 -125.60
-35.18 -125.33
-35.79 -124.93
