0.24 0.00
0.49 0.00
0.74 8.35
0.99 16.19
1.24 26.87
1.49 33.56
1.74 39.90
1.99 48.23
2.24 53.56
2.49 60.71
2.74 64.98
2.99 70.84
3.24 74.29
3.49 80.88
3.74 83.70
3.99 87.45
4.24 89.79
4.49 92.91
4.74 94.86
4.99 97.48
5.24 99.09
5.49 101.28
5.74 102.62
5.99 103.87
6.23 106.17
6.48 106.17
6.74 107.16
6.98 108.48
7.23 109.30
7.48 110.39
7.73 111.08
7.98 111.98
8.23 112.56
8.48 113.36
8.73 114.06
8.98 114.49
9.22 115.07
9.47 115.41
9.72 115.89
9.97 116.18
10.22 116.59
10.47 116.84
10.72 117.17
10.97 117.37
11.22 117.65
11.47 117.81
11.72 118.05
11.97 118.26
12.22 118.45
12.47 118.56
12.72 118.71
12.96 118.80
13.21 118.88
13.46 119.00
13.71 119.07
