0.25 -0.67
0.50 -1.30
0.75 4.51
1.00 16.63
1.25 33.63
1.50 49.38
1.75 62.89
1.99 71.00
2.24 82.29
2.49 89.06
2.74 98.53
2.99 104.15
3.24 109.62
3.49 116.83
3.74 121.12
3.99 127.09
4.24 132.73
4.49 137.48
4.74 140.44
4.99 144.29
5.24 146.70
5.48 150.05
5.73 152.09
5.98 154.82
6.23 156.48
6.47 158.81
6.72 160.19
6.97 162.80
7.22 163.93
7.47 164.92
7.72 166.33
7.97 167.19
8.22 168.38
8.46 169.06
8.71 170.05
8.96 170.05
9.21 170.64
9.46 171.47
9.71 172.21
9.96 172.86
10.21 173.25
10.46 173.61
10.71 174.11
10.95 174.42
11.21 174.83
11.45 175.08
11.70 175.43
11.95 175.65
12.20 175.93
12.45 176.19
12.70 176.42
12.95 176.56
13.20 176.69
13.45 176.86
13.70 176.97
13.95 177.12
